[871, 1012, 953, 734, 1063]{
    "jensen-shannon": 0.3397529404917946,
    "hellinger": 0.3718752472765455,
    "earth-movers": 0.008328248712822846
}