{
    "jensen-shannon": 0.35319011578708287,
    "hellinger": 0.38556784484469253,
    "earth-movers": 0.009913872723672612
}