[882, 1038, 753, 931, 1046]{
    "jensen-shannon": 0.35741788066237973,
    "hellinger": 0.38901482804126597,
    "earth-movers": 0.009826143314579682
}