[758, 949, 984, 909, 1063]{
    "jensen-shannon": 0.354638324508537,
    "hellinger": 0.3870983838479193,
    "earth-movers": 0.01029764259874393
}