[847, 809, 1092, 909, 996]{
    "jensen-shannon": 0.36099298355989395,
    "hellinger": 0.3933821887674117,
    "earth-movers": 0.010899628243209709
}