[1102, 950, 853, 1137, 685]{
    "jensen-shannon": 0.3531484497128093,
    "hellinger": 0.38646857629032044,
    "earth-movers": 0.01021770074900689
}