[7, 9, 10, 7, 12]{
    "jensen-shannon": 0.10762308873444817,
    "hellinger": 0.11253951163930435,
    "earth-movers": 0.06138421291142452
}