[9, 9, 10, 9, 6]{
    "jensen-shannon": 0.10461682391156538,
    "hellinger": 0.10835442791118217,
    "earth-movers": 0.0609460026465173
}