[7, 8, 9, 10, 8]{
    "jensen-shannon": 0.10825671185423315,
    "hellinger": 0.11191062974516273,
    "earth-movers": 0.06039754580460104
}