{
    "jensen-shannon": 0.10451969977892009,
    "hellinger": 0.10875972085478805,
    "earth-movers": 0.06222386531655165
}