[8, 9, 8, 8, 10]{
    "jensen-shannon": 0.1022999532406143,
    "hellinger": 0.10742482728368585,
    "earth-movers": 0.06295565799244546
}