[9, 10, 8, 11, 6]{
    "jensen-shannon": 0.09980192115373938,
    "hellinger": 0.10356920769460509,
    "earth-movers": 0.06543590722776992
}