{
    "jensen-shannon": 0.12703997539470863,
    "hellinger": 0.12763018698864487,
    "earth-movers": 0.15468369718647262
}