[0, 0, 0, 0, 0]{
    "jensen-shannon": 0.12869904545024907,
    "hellinger": 0.12961321442972062,
    "earth-movers": 0.1557428116716287
}