[0, 0, 0, 0, 0]{
    "jensen-shannon": 0.14073347229717945,
    "hellinger": 0.14122963663526314,
    "earth-movers": 0.1676533999268315
}