[0, 0, 0, 0, 0]{
    "jensen-shannon": 0.13584530066643993,
    "hellinger": 0.13593362554285646,
    "earth-movers": 0.1584884151618452
}