[0, 0, 0, 0, 0]{
    "jensen-shannon": 0.13627461773067337,
    "hellinger": 0.1378433194589883,
    "earth-movers": 0.1635769687681324
}