[0, 0, 0, 0, 0]{
    "jensen-shannon": 0.09364744082900128,
    "hellinger": 0.09353113887639578,
    "earth-movers": 0.12795689040392516
}