[13, 15, 8, 8, 7]{
    "jensen-shannon": 0.099112006162518,
    "hellinger": 0.10255922216388903,
    "earth-movers": 0.04112240007077372
}