[7, 15, 8, 10, 8]{
    "jensen-shannon": 0.08682612118034552,
    "hellinger": 0.09096796676509768,
    "earth-movers": 0.03973091857102626
}