[12, 7, 14, 10, 10]{
    "jensen-shannon": 0.0898374763659796,
    "hellinger": 0.09493224389418682,
    "earth-movers": 0.03837776930510459
}