{
    "jensen-shannon": 0.09337654810215205,
    "hellinger": 0.09722438558287602,
    "earth-movers": 0.03904022432069502
}