[14, 12, 10, 11, 6]{
    "jensen-shannon": 0.0975738089265566,
    "hellinger": 0.10082441364107987,
    "earth-movers": 0.03774582233709974
}