[9, 13, 8, 12, 9]{
    "jensen-shannon": 0.09353332787536058,
    "hellinger": 0.09683808145012669,
    "earth-movers": 0.03822421131947076
}