[89, 98, 80, 74, 81]{
    "jensen-shannon": 0.5528146269787064,
    "hellinger": 0.6369762775347383,
    "earth-movers": 0.03017765424352087
}