[81, 85, 110, 77, 90]{
    "jensen-shannon": 0.578993966618642,
    "hellinger": 0.6680346028020273,
    "earth-movers": 0.03409340737576735
}