{
    "jensen-shannon": 0.5801381800116191,
    "hellinger": 0.6657571868622687,
    "earth-movers": 0.031561010318497715
}