[86, 92, 96, 102, 78]{
    "jensen-shannon": 0.5867581146056817,
    "hellinger": 0.6744298124618748,
    "earth-movers": 0.03211057491362393
}