[97, 90, 87, 102, 72]{
    "jensen-shannon": 0.5783198841141308,
    "hellinger": 0.6607753994798875,
    "earth-movers": 0.031202872054001678
}