[100, 100, 86, 95, 87]{
    "jensen-shannon": 0.6038043077409344,
    "hellinger": 0.6885698420328161,
    "earth-movers": 0.030220543005574734
}