[350, 373, 351, 351, 356]{
    "jensen-shannon": 0.9719355869880542,
    "hellinger": 0.9834434196909381,
    "earth-movers": 0.02261193927150029
}