{
    "jensen-shannon": 0.9710802646490221,
    "hellinger": 0.9829966183884695,
    "earth-movers": 0.02525224456751249
}