[351, 371, 354, 354, 349]{
    "jensen-shannon": 0.9709599418266519,
    "hellinger": 0.9832157686235845,
    "earth-movers": 0.021170655460651628
}