[346, 336, 350, 397, 349]{
    "jensen-shannon": 0.9703096684813256,
    "hellinger": 0.9823879528697335,
    "earth-movers": 0.031799918132569965
}