[372, 365, 353, 340, 351]{
    "jensen-shannon": 0.9725651798293103,
    "hellinger": 0.9838141568585048,
    "earth-movers": 0.0261719863962277
}