[344, 349, 374, 357, 355]{
    "jensen-shannon": 0.9696309461197684,
    "hellinger": 0.9821217938995861,
    "earth-movers": 0.02450672357661286
}