[1734, 1618, 1695, 1661, 1739]{
    "jensen-shannon": 0.5094448016547798,
    "hellinger": 0.5818984842286963,
    "earth-movers": 0.005704154321711083
}