[1457, 1838, 1590, 1552, 1997]{
    "jensen-shannon": 0.5076995906347084,
    "hellinger": 0.5802318518337862,
    "earth-movers": 0.007599287385588108
}