[2227, 1502, 1711, 1587, 1525]{
    "jensen-shannon": 0.5139054807255915,
    "hellinger": 0.5862684024180774,
    "earth-movers": 0.007913614704364608
}