[1677, 1636, 1583, 1886, 1663]{
    "jensen-shannon": 0.5126195526200348,
    "hellinger": 0.584414443518137,
    "earth-movers": 0.006772036150743493
}