{
    "jensen-shannon": 0.510420929795748,
    "hellinger": 0.5825241565801361,
    "earth-movers": 0.006950596706508343
}