[1720, 1539, 1616, 1657, 1912]{
    "jensen-shannon": 0.5084352233436263,
    "hellinger": 0.5798076009019839,
    "earth-movers": 0.006763890970134422
}