[89, 86, 76, 94, 91]{
    "jensen-shannon": 0.5161959151630571,
    "hellinger": 0.5832291811310885,
    "earth-movers": 0.027710941204855136
}