[85, 81, 88, 86, 79]{
    "jensen-shannon": 0.5058662721876779,
    "hellinger": 0.5679103090473637,
    "earth-movers": 0.030333264619093737
}