[82, 81, 107, 89, 86]{
    "jensen-shannon": 0.5284742737679734,
    "hellinger": 0.5944091076562098,
    "earth-movers": 0.033902833077031326
}