[74, 101, 77, 92, 80]{
    "jensen-shannon": 0.5108249732387703,
    "hellinger": 0.5750135974487014,
    "earth-movers": 0.03707685422698099
}