{
    "jensen-shannon": 0.5174480269444834,
    "hellinger": 0.5823454682340714,
    "earth-movers": 0.03229632967615818
}