[79, 83, 101, 89, 82]{
    "jensen-shannon": 0.5258787003649387,
    "hellinger": 0.5911651458869934,
    "earth-movers": 0.03245775525282969
}