[84, 92, 82, 77, 73]{
    "jensen-shannon": 0.6569081162034932,
    "hellinger": 0.7147050695081992,
    "earth-movers": 0.052815003716068114
}