{
    "jensen-shannon": 0.6576741987350585,
    "hellinger": 0.7139467831929216,
    "earth-movers": 0.05032383832955776
}