[87, 74, 86, 86, 73]{
    "jensen-shannon": 0.6558613019794173,
    "hellinger": 0.7119869033034136,
    "earth-movers": 0.04609538753753231
}