[94, 72, 81, 79, 86]{
    "jensen-shannon": 0.6736332186173718,
    "hellinger": 0.7343593183181247,
    "earth-movers": 0.05144237367957464
}