[87, 91, 80, 75, 70]{
    "jensen-shannon": 0.6456235111068067,
    "hellinger": 0.6991181330025626,
    "earth-movers": 0.0529082648468696
}