[77, 81, 76, 92, 83]{
    "jensen-shannon": 0.6563448457682035,
    "hellinger": 0.7095644918323074,
    "earth-movers": 0.04835816186774412
}