[9, 5, 6, 3, 6]{
    "jensen-shannon": 0.06141122140525678,
    "hellinger": 0.06429654440501228,
    "earth-movers": 0.047178787494167894
}