[5, 5, 7, 4, 7]{
    "jensen-shannon": 0.061773826112776,
    "hellinger": 0.06391006145218939,
    "earth-movers": 0.04731518834121129
}