[8, 5, 6, 5, 6]{
    "jensen-shannon": 0.05632049477618536,
    "hellinger": 0.058349105506688745,
    "earth-movers": 0.04376651102610362
}