{
    "jensen-shannon": 0.05853047838104897,
    "hellinger": 0.061060937308524556,
    "earth-movers": 0.04574081244654346
}