[3, 5, 8, 7, 6]{
    "jensen-shannon": 0.056831410123194995,
    "hellinger": 0.05993634487699428,
    "earth-movers": 0.04589614607766479
}