[6, 6, 6, 6, 5]{
    "jensen-shannon": 0.05631543948783169,
    "hellinger": 0.05881263030173812,
    "earth-movers": 0.04454742929356971
}