[6, 5, 7, 8, 7]{
    "jensen-shannon": 0.06066363612083559,
    "hellinger": 0.06385755115074489,
    "earth-movers": 0.0530186165086277
}