[7, 9, 3, 7, 8]{
    "jensen-shannon": 0.059543457124542606,
    "hellinger": 0.06273215329921304,
    "earth-movers": 0.05277214656760099
}