[8, 6, 6, 5, 7]{
    "jensen-shannon": 0.05682584219642451,
    "hellinger": 0.05948370191948344,
    "earth-movers": 0.05396332744580468
}