{
    "jensen-shannon": 0.05975579271798329,
    "hellinger": 0.06237994866928746,
    "earth-movers": 0.05344775586690662
}