[6, 6, 8, 6, 7]{
    "jensen-shannon": 0.057004848194286466,
    "hellinger": 0.05907511001128668,
    "earth-movers": 0.05017495373841969
}