[6, 6, 8, 8, 6]{
    "jensen-shannon": 0.0647411799538273,
    "hellinger": 0.0667512269657093,
    "earth-movers": 0.05730973507408003
}