[30407, 32987, 30933, 30159, 31052]{
    "jensen-shannon": 0.9811676027568691,
    "hellinger": 0.9837316907369883,
    "earth-movers": 0.0027295507312654066
}