[33289, 30604, 30701, 30764, 30193]{
    "jensen-shannon": 0.9814499551942213,
    "hellinger": 0.9839551337049839,
    "earth-movers": 0.0027509520251941867
}