[30661, 30968, 32482, 31395, 30045]{
    "jensen-shannon": 0.9812763960418213,
    "hellinger": 0.9837968620292239,
    "earth-movers": 0.002576007018248851
}