[31021, 30948, 33320, 29237, 30999]{
    "jensen-shannon": 0.9810989774617811,
    "hellinger": 0.9837358304244916,
    "earth-movers": 0.003053382210694748
}