[31025, 31123, 31421, 31854, 30130]{
    "jensen-shannon": 0.9813783016451094,
    "hellinger": 0.9838804775347759,
    "earth-movers": 0.002137768463976509
}