{
    "jensen-shannon": 0.9812742466199605,
    "hellinger": 0.9838199988860927,
    "earth-movers": 0.0026495320898759405
}