[0, 0, 0, 0, 0]{
    "jensen-shannon": 0.09362407220064886,
    "hellinger": 0.09341570841286884,
    "earth-movers": 0.12338874564965151
}