{
    "jensen-shannon": 0.08564349883209783,
    "hellinger": 0.08606492030000268,
    "earth-movers": 0.11597385224128731
}