[0, 0, 0, 0, 0]{
    "jensen-shannon": 0.09604705283940584,
    "hellinger": 0.09684677949000188,
    "earth-movers": 0.12482808344039516
}