[0, 0, 0, 0, 0]{
    "jensen-shannon": 0.06951390012810965,
    "hellinger": 0.0699323146445543,
    "earth-movers": 0.08512394096025332
}