[0, 0, 0, 0, 0]{
    "jensen-shannon": 0.0731909511187311,
    "hellinger": 0.07358314843587375,
    "earth-movers": 0.10920000336017104
}