[0, 0, 0, 0, 0]{
    "jensen-shannon": 0.09584151787359377,
    "hellinger": 0.09654665051671464,
    "earth-movers": 0.1373284877959656
}