[943, 939, 988, 956, 974]{
    "jensen-shannon": 0.9999999999999878,
    "hellinger": 1.0,
    "earth-movers": 0.013009402291945048
}