[932, 1024, 959, 950, 935]{
    "jensen-shannon": 0.9999999999999764,
    "hellinger": 1.0,
    "earth-movers": 0.016366207416474994
}