[955, 945, 964, 948, 988]{
    "jensen-shannon": 0.9999999999999928,
    "hellinger": 1.0,
    "earth-movers": 0.011670769281568608
}