{
    "jensen-shannon": 0.011374270561173436,
    "hellinger": 0.011390800215328503,
    "earth-movers": 0.08032224854622069
}