[0, 0, 0, 0, 0]{
    "jensen-shannon": 0.015717705687570825,
    "hellinger": 0.01569653238042506,
    "earth-movers": 0.09581269986710177
}