[0, 0, 0, 0, 0]{
    "jensen-shannon": 0.012028940162371042,
    "hellinger": 0.012054031345294244,
    "earth-movers": 0.08325238106329694
}