[0, 0, 0, 0, 0]{
    "jensen-shannon": 0.006015019792762371,
    "hellinger": 0.006011087047765028,
    "earth-movers": 0.05684271617546461
}