[0, 0, 0, 0, 0]{
    "jensen-shannon": 0.010048353969375971,
    "hellinger": 0.010082169707726555,
    "earth-movers": 0.0774182571898867
}