[0, 0, 0, 0, 0]{
    "jensen-shannon": 0.01306133319378697,
    "hellinger": 0.013110180595431635,
    "earth-movers": 0.08828518843535353
}