[88, 86, 77, 80, 73]{
    "jensen-shannon": 0.6400242556442213,
    "hellinger": 0.6877543951774654,
    "earth-movers": 0.05322145960471037
}