[73, 82, 80, 85, 80]{
    "jensen-shannon": 0.6465817594005875,
    "hellinger": 0.6964819550130792,
    "earth-movers": 0.04410401348751676
}