[84, 73, 85, 88, 73]{
    "jensen-shannon": 0.6445684314583802,
    "hellinger": 0.6990953919747088,
    "earth-movers": 0.04826496662298151
}