[93, 76, 74, 79, 86]{
    "jensen-shannon": 0.6617970066302892,
    "hellinger": 0.7154363020229073,
    "earth-movers": 0.05052116049449285
}