[82, 89, 83, 74, 70]{
    "jensen-shannon": 0.6229376507990133,
    "hellinger": 0.6672994579114668,
    "earth-movers": 0.048117912301908504
}