{
    "jensen-shannon": 0.6431818207864983,
    "hellinger": 0.6932135004199256,
    "earth-movers": 0.048845902502322
}