[16, 13, 12, 14, 13]{
    "jensen-shannon": 0.7956668002088408,
    "hellinger": 0.854792017650121,
    "earth-movers": 0.1512513938017899
}