[14, 13, 12, 14, 10]{
    "jensen-shannon": 0.7192370735466528,
    "hellinger": 0.8002113467129066,
    "earth-movers": 0.15477022954633088
}