{
    "jensen-shannon": 0.7325266598769378,
    "hellinger": 0.8003541105708247,
    "earth-movers": 0.14455422410926572
}