[14, 14, 11, 11, 12]{
    "jensen-shannon": 0.7148111547151789,
    "hellinger": 0.7819209305999868,
    "earth-movers": 0.1465475706935822
}