[14, 13, 14, 11, 13]{
    "jensen-shannon": 0.7513789245910752,
    "hellinger": 0.8263989619411164,
    "earth-movers": 0.14484529239902388
}