[13, 11, 12, 11, 13]{
    "jensen-shannon": 0.6815393463229412,
    "hellinger": 0.7384472959499933,
    "earth-movers": 0.12535663410560174
}