[1, 3, 3, 1, 0]{
    "jensen-shannon": 0.08390161918693403,
    "hellinger": 0.09086355622301064,
    "earth-movers": 0.10284644150746065
}