{
    "jensen-shannon": 0.0894378792726361,
    "hellinger": 0.09537412608579647,
    "earth-movers": 0.11024377873782035
}