[1, 2, 1, 2, 1]{
    "jensen-shannon": 0.08435055258374137,
    "hellinger": 0.08929490467173339,
    "earth-movers": 0.10833547765463562
}