[1, 4, 1, 1, 2]{
    "jensen-shannon": 0.10418227358287703,
    "hellinger": 0.11058320766483343,
    "earth-movers": 0.12550143872596306
}