[2, 0, 2, 3, 2]{
    "jensen-shannon": 0.0852947818520826,
    "hellinger": 0.09279958290893203,
    "earth-movers": 0.10202213162238222
}