[2, 2, 1, 2, 1]{
    "jensen-shannon": 0.08946016915754557,
    "hellinger": 0.0933293789604729,
    "earth-movers": 0.11251340417866017
}