[363, 296, 350, 272, 313]{
    "jensen-shannon": 0.7050734144057987,
    "hellinger": 0.7923128863472505,
    "earth-movers": 0.02502412046495282
}