[320, 315, 355, 320, 326]{
    "jensen-shannon": 0.7243123370173689,
    "hellinger": 0.8049020365496312,
    "earth-movers": 0.019877002428257524
}