[326, 333, 317, 307, 321]{
    "jensen-shannon": 0.7089954145998186,
    "hellinger": 0.7896898305829803,
    "earth-movers": 0.01753935961864422
}