[302, 301, 330, 313, 336]{
    "jensen-shannon": 0.7012042247008893,
    "hellinger": 0.78310796084812,
    "earth-movers": 0.018281880133224446
}