{
    "jensen-shannon": 0.7164020444736452,
    "hellinger": 0.7976842703506558,
    "earth-movers": 0.02094737810870699
}