[389, 310, 321, 348, 307]{
    "jensen-shannon": 0.7424248316443505,
    "hellinger": 0.8184086374252975,
    "earth-movers": 0.024014527898455932
}