[647, 669, 651, 663, 635]{
    "jensen-shannon": 0.9429110291716193,
    "hellinger": 0.9636835833563104,
    "earth-movers": 0.015551127713111923
}