[640, 638, 659, 656, 665]{
    "jensen-shannon": 0.94000944780021,
    "hellinger": 0.9628513121459067,
    "earth-movers": 0.014298340271339586
}