{
    "jensen-shannon": 0.9422312407361115,
    "hellinger": 0.9639014789101642,
    "earth-movers": 0.015924466186938525
}