[644, 645, 641, 681, 652]{
    "jensen-shannon": 0.943136652892175,
    "hellinger": 0.9652518030570668,
    "earth-movers": 0.014680687500621254
}