[694, 645, 641, 637, 640]{
    "jensen-shannon": 0.9404495029095029,
    "hellinger": 0.9627147336199803,
    "earth-movers": 0.017209135801182426
}