[692, 631, 640, 648, 655]{
    "jensen-shannon": 0.9446495709070503,
    "hellinger": 0.9650059623715572,
    "earth-movers": 0.017883039648437436
}