[393, 437, 460, 463, 397]{
    "jensen-shannon": 0.8454561429596247,
    "hellinger": 0.8963048586585296,
    "earth-movers": 0.025408210623389143
}