[412, 440, 435, 422, 417]{
    "jensen-shannon": 0.8357806871316558,
    "hellinger": 0.8908508307828594,
    "earth-movers": 0.016973262101957806
}