{
    "jensen-shannon": 0.8410916841060218,
    "hellinger": 0.8943789162276502,
    "earth-movers": 0.02087276950138704
}