[447, 412, 424, 414, 448]{
    "jensen-shannon": 0.845019831302093,
    "hellinger": 0.8976322779092342,
    "earth-movers": 0.020819985036535347
}