[451, 424, 430, 409, 416]{
    "jensen-shannon": 0.8346929480212492,
    "hellinger": 0.8899879044165911,
    "earth-movers": 0.019992995057639667
}