[465, 425, 421, 415, 419]{
    "jensen-shannon": 0.8445088111154857,
    "hellinger": 0.8971187093710367,
    "earth-movers": 0.021169394687413228
}