[798, 811, 811, 788, 815]{
    "jensen-shannon": 0.9903958431608795,
    "hellinger": 0.9941099853557352,
    "earth-movers": 0.012185298759778656
}