[858, 775, 813, 789, 790]{
    "jensen-shannon": 0.9910556449668905,
    "hellinger": 0.9947550384573329,
    "earth-movers": 0.018529604573970404
}