{
    "jensen-shannon": 0.9891291249605688,
    "hellinger": 0.9933929710469925,
    "earth-movers": 0.014788506838890662
}