[805, 800, 790, 825, 799]{
    "jensen-shannon": 0.988048333864468,
    "hellinger": 0.9925889238746844,
    "earth-movers": 0.012267073077856567
}