[782, 834, 804, 801, 798]{
    "jensen-shannon": 0.9878880702785379,
    "hellinger": 0.9924470709680419,
    "earth-movers": 0.014281577325835014
}