[805, 780, 777, 832, 827]{
    "jensen-shannon": 0.9882577325320687,
    "hellinger": 0.9930638365791681,
    "earth-movers": 0.016678980457012663
}