[292, 292, 291, 292, 293]{
    "jensen-shannon": 0.9999999999999988,
    "hellinger": 1.0,
    "earth-movers": 0.007716321715049978
}