{
    "jensen-shannon": 0.9999999999999997,
    "hellinger": 1.0,
    "earth-movers": 0.023122368135138283
}