[263, 290, 263, 277, 301]{
    "jensen-shannon": 0.6964069787016741,
    "hellinger": 0.7804703000532536,
    "earth-movers": 0.021582533899919116
}