[303, 255, 308, 253, 289]{
    "jensen-shannon": 0.7020908561215558,
    "hellinger": 0.7878163763324783,
    "earth-movers": 0.024204266528902427
}