[307, 290, 261, 272, 303]{
    "jensen-shannon": 0.7169294004506256,
    "hellinger": 0.8015988409462583,
    "earth-movers": 0.023011813841099786
}