[264, 297, 302, 279, 273]{
    "jensen-shannon": 0.7037705186324446,
    "hellinger": 0.7889463751208453,
    "earth-movers": 0.022348217942809268
}