[307, 252, 286, 281, 304]{
    "jensen-shannon": 0.7141132294130831,
    "hellinger": 0.7985044353095164,
    "earth-movers": 0.023862116664340634
}