{
    "jensen-shannon": 0.7066621966638765,
    "hellinger": 0.7914672655524704,
    "earth-movers": 0.023001789775414245
}