[5, 4, 7, 4, 8]{
    "jensen-shannon": 0.12013530766476047,
    "hellinger": 0.12352300090755754,
    "earth-movers": 0.06549381324601367
}