[8, 4, 5, 6, 4]{
    "jensen-shannon": 0.14429203555247366,
    "hellinger": 0.14760743340187565,
    "earth-movers": 0.07010502982023999
}