[7, 3, 6, 6, 8]{
    "jensen-shannon": 0.1445024532104762,
    "hellinger": 0.14787541974999244,
    "earth-movers": 0.0666643072177636
}