[6, 6, 2, 7, 7]{
    "jensen-shannon": 0.12946134016272048,
    "hellinger": 0.131917943959935,
    "earth-movers": 0.0696016520822728
}