[6, 6, 7, 8, 3]{
    "jensen-shannon": 0.1415576560966808,
    "hellinger": 0.1447265279001748,
    "earth-movers": 0.07347783631918203
}