{
    "jensen-shannon": 0.13598975853742232,
    "hellinger": 0.13913006518390708,
    "earth-movers": 0.06906852773709442
}