[5, 5, 5, 7, 6]{
    "jensen-shannon": 0.138213459605419,
    "hellinger": 0.1397869510500645,
    "earth-movers": 0.04407140470668785
}