[8, 8, 6, 4, 3]{
    "jensen-shannon": 0.16126268229088522,
    "hellinger": 0.16083648809187198,
    "earth-movers": 0.05458052129191079
}