[7, 9, 8, 4, 5]{
    "jensen-shannon": 0.16565992897960746,
    "hellinger": 0.1683856681575114,
    "earth-movers": 0.046000895634059964
}