{
    "jensen-shannon": 0.15533570764562177,
    "hellinger": 0.15858638602008618,
    "earth-movers": 0.04862819762069513
}