[6, 6, 5, 8, 5]{
    "jensen-shannon": 0.1639097460650869,
    "hellinger": 0.17113747523926984,
    "earth-movers": 0.047634446385641904
}