[7, 5, 4, 4, 9]{
    "jensen-shannon": 0.14763272128711025,
    "hellinger": 0.15278534756171328,
    "earth-movers": 0.05085372008517514
}