[87, 79, 79, 78, 88]{
    "jensen-shannon": 0.8291430888294096,
    "hellinger": 0.8853769198073916,
    "earth-movers": 0.05471249893326863
}