{
    "jensen-shannon": 0.8058610156114699,
    "hellinger": 0.8584209369757613,
    "earth-movers": 0.05044152212907216
}