[94, 75, 79, 76, 80]{
    "jensen-shannon": 0.7989337647124004,
    "hellinger": 0.8536638134334363,
    "earth-movers": 0.05794133585641518
}