[75, 84, 86, 84, 78]{
    "jensen-shannon": 0.8060529316816277,
    "hellinger": 0.8536719025210432,
    "earth-movers": 0.056186325207894586
}