[81, 80, 82, 77, 83]{
    "jensen-shannon": 0.7984792825769917,
    "hellinger": 0.8523616389095593,
    "earth-movers": 0.038459746454164556
}