[87, 79, 80, 80, 77]{
    "jensen-shannon": 0.7966960102569197,
    "hellinger": 0.8470304102073756,
    "earth-movers": 0.04490770419361785
}