[196, 186, 200, 198, 204]{
    "jensen-shannon": 0.7057398640848306,
    "hellinger": 0.713464029985756,
    "earth-movers": 0.026667173439359693
}