[184, 195, 203, 205, 199]{
    "jensen-shannon": 0.7081082115218745,
    "hellinger": 0.714593204005669,
    "earth-movers": 0.030583287825725045
}