{
    "jensen-shannon": 0.705928363336561,
    "hellinger": 0.7131400065413868,
    "earth-movers": 0.02644947654827881
}