[197, 204, 193, 200, 190]{
    "jensen-shannon": 0.7047902611018707,
    "hellinger": 0.7125457899150374,
    "earth-movers": 0.025756556697820076
}