[200, 196, 209, 195, 187]{
    "jensen-shannon": 0.7073614135473011,
    "hellinger": 0.7138080177967473,
    "earth-movers": 0.028641653186271255
}