[191, 197, 201, 197, 198]{
    "jensen-shannon": 0.703642066426928,
    "hellinger": 0.7112889910037236,
    "earth-movers": 0.02059871159221798
}