[2, 0, 0, 3, 1]{
    "jensen-shannon": 0.26752748351035965,
    "hellinger": 0.29460392678645525,
    "earth-movers": 0.16434462328040794
}