[0, 0, 0, 3, 0]{
    "jensen-shannon": 0.2522302057452996,
    "hellinger": 0.28050443216666066,
    "earth-movers": 0.1716808010318779
}