[0, 1, 1, 0, 0]{
    "jensen-shannon": 0.24449129736777556,
    "hellinger": 0.2609032078632118,
    "earth-movers": 0.17820743049334015
}