[1, 0, 0, 0, 0]{
    "jensen-shannon": 0.2792507969933149,
    "hellinger": 0.28946090986217854,
    "earth-movers": 0.19355467212769006
}