[0, 0, 1, 1, 0]{
    "jensen-shannon": 0.24194113796962027,
    "hellinger": 0.25195051151832504,
    "earth-movers": 0.1749909892701426
}