{
    "jensen-shannon": 0.257088184317274,
    "hellinger": 0.2754845976393663,
    "earth-movers": 0.17655570324069175
}