[6322, 6430, 6156, 6091, 6181]{
    "jensen-shannon": 0.9856989336989778,
    "hellinger": 0.9915583790003503,
    "earth-movers": 0.005009761474299724
}