[6240, 6160, 6521, 6102, 6157]{
    "jensen-shannon": 0.985634387797005,
    "hellinger": 0.9915119105126542,
    "earth-movers": 0.005274202044697576
}