[6429, 6173, 6257, 6096, 6233]{
    "jensen-shannon": 0.9861649141859413,
    "hellinger": 0.9918398878043077,
    "earth-movers": 0.004766414607394545
}