{
    "jensen-shannon": 0.985695485002638,
    "hellinger": 0.9915438683543012,
    "earth-movers": 0.005262715110851958
}