[6219, 6185, 6174, 6457, 6141]{
    "jensen-shannon": 0.9854351940513479,
    "hellinger": 0.9913867139065589,
    "earth-movers": 0.0045219388367074035
}