[6605, 6382, 6008, 5995, 6188]{
    "jensen-shannon": 0.9855439952799182,
    "hellinger": 0.9914224505476349,
    "earth-movers": 0.006741258591160535
}