[423, 405, 421, 389, 396]{
    "jensen-shannon": 0.8322001522152614,
    "hellinger": 0.8832138757036475,
    "earth-movers": 0.021282410199442808
}