[430, 426, 384, 369, 426]{
    "jensen-shannon": 0.8319343240885839,
    "hellinger": 0.8850322974131394,
    "earth-movers": 0.02652509336200627
}