{
    "jensen-shannon": 0.8388481215969079,
    "hellinger": 0.8905533528585359,
    "earth-movers": 0.024413208466386185
}