[383, 417, 414, 406, 413]{
    "jensen-shannon": 0.8325515328977252,
    "hellinger": 0.8841288561046078,
    "earth-movers": 0.020654234217893558
}