[449, 422, 392, 394, 393]{
    "jensen-shannon": 0.8534096637461912,
    "hellinger": 0.9024178796404262,
    "earth-movers": 0.025101812847663788
}