[361, 416, 451, 430, 391]{
    "jensen-shannon": 0.8441449350367788,
    "hellinger": 0.8979738554308587,
    "earth-movers": 0.028502491704924502
}