[172, 141, 150, 130, 150]{
    "jensen-shannon": 0.8342739078564021,
    "hellinger": 0.8853753228706654,
    "earth-movers": 0.04930434570718515
}