[158, 142, 144, 145, 149]{
    "jensen-shannon": 0.8252310761412571,
    "hellinger": 0.8746276082161281,
    "earth-movers": 0.035755794634272295
}