[164, 152, 144, 142, 140]{
    "jensen-shannon": 0.8341032396035901,
    "hellinger": 0.8863547715378829,
    "earth-movers": 0.04184174162045463
}