[156, 148, 150, 144, 148]{
    "jensen-shannon": 0.839089399937314,
    "hellinger": 0.8869940846138623,
    "earth-movers": 0.0346883680875584
}