[143, 161, 147, 151, 141]{
    "jensen-shannon": 0.8347718463924296,
    "hellinger": 0.8879970256378438,
    "earth-movers": 0.040504564498069405
}