{
    "jensen-shannon": 0.8334938939861984,
    "hellinger": 0.8842697625752765,
    "earth-movers": 0.04041896290950797
}